%a=150e-6*250e9*3000e-12*(100*90*6)*1e-27;
%b=a*((50e-3/100e-9));
%c=b*(pi/4)
%c=b*(pi/4)

m=9.1e-28;
%m=0.6022e24;
a=0.529e-8;
t=(m^2*a^4)*(4/3)*pi

